high
ff ff 14 40 00 00 00 00 00 01 60 01 0e 00 21 00 02 01 00 00 00 00 e8 26 3e
ff ff 2a 40 00 00 00 00 00 02 6d 01 0e 00 21 00 02 01 00 00 00 00 31 00 45 00 00 03 00 00 00 00 00 00 00 00 00 00 00 00 00 00 00 00 85 f6 2e

medium
ff ff 14 40 00 00 00 00 00 01 60 01 0e 00 22 00 02 01 00 00 00 00 e9 33 7e
ff ff 2a 40 00 00 00 00 00 02 6d 01 0e 00 22 00 02 01 00 00 00 00 31 00 45 00 00 03 00 00 00 00 00 00 00 00 00 00 00 00 00 00 00 00 86 06 2d

low
ff ff 14 40 00 00 00 00 00 01 60 01 0e 00 23 00 02 01 00 00 00 00 ea ff 55 bf
ff ff 2a 40 00 00 00 00 00 02 6d 01 0e 00 23 00 02 01 00 00 00 00 31 00 45 00 00 03 00 00 00 00 00 00 00 00 00 00 00 00 00 00 00 00 87 56 2c

auto
ff ff 14 40 00 00 00 00 00 01 60 01 0e 00 25 00 02 01 00 00 00 00 ec d5 3f
ff ff 2a 40 00 00 00 00 00 02 6d 01 0e 00 25 00 02 01 00 00 00 00 31 00 45 00 00 03 00 00 00 00 00 00 00 00 00 00 00 00 00 00 00 00 89 f6 29


