30
ff ff 14 40 00 00 00 00 00 01 60 01 0e 00 22 00 02 01 00 00 00 00 e9 33 7e
ff ff 2a 40 00 00 00 00 00 02 6d 01 0e 00 22 00 02 01 00 00 00 00 31 00 45 00 00 03 00 00 00 00 00 00 00 00 00 00 00 00 00 00 00 00 86 06 2d

29
ff ff 14 40 00 00 00 00 00 01 60 01 0d 00 22 00 02 01 00 00 00 00 e8 3c 8e
ff ff 2a 40 00 00 00 00 00 02 6d 01 0d 00 22 00 02 01 00 00 00 00 31 00 45 00 00 03 00 00 00 00 00 00 00 00 00 00 00 00 00 00 00 00 85 b2 2d
                                     * -1 (HEX + 16)

28
ff ff 14 40 00 00 00 00 00 01 60 01 0c 00 22 00 02 01 00 00 00 00 e7 f9 df
ff ff 2a 40 00 00 00 00 00 02 6d 01 0c 00 22 00 02 01 00 00 00 00 31 00 45 00 00 03 00 00 00 00 00 00 00 00 00 00 00 00 00 00 00 00 84 1e 2c
