Message sent:  255 255 20 64 0 0 0 0 0 1 96 1 6 8 37 0 2 1 0 3 0 0 239 255 41  - CRC: EF - CRC16: FF29
Message sent:  255 255 20 64 0 0 0 0 0 1 96 1 5 8 37 0 2 1 0 3 0 0 238 240 217  - CRC: EE - CRC16: F0D9







[16:46:07][D][EspHaier Utility:052]: Message sent:  255 255 20 64 0 0 0 0 0 1 96 1 6 8 133 0 2 0 0 3 0 0 78  71  30  - CRC: 4E - CRC16: 471E

[16:46:21][D][EspHaier Utility:052]: Message sent:  255 255 20 64 0 0 0 0 0 1 96 1 6 8 37  0 2 1 0 3 0 0 239 255 41  - CRC: EF - CRC16: FF29



255 255 42 64 0 0 0 0 0 2 109 1 6 8 37 0 2 0 0 3 0 0 53 0 93 0 0 3 0 0 0 0 0 0 0 0 0 0 0 0 0 0 0 0 167 178 203
255 255 42 64 0 0 0 0 0 2 109 1 5 8 37 0 2 0 0 3 0 0 53 0 93 0 0 3 0 0 0 0 0 0 0 0 0 0 0 0 0 0 0 0 166 6 203




255 255 42 64 0 0 0 0 0 2 109 1 7 8 37 0 2 1 0 3 0 0 52 0 92 0 0 3 0 0 0 0 0 0 0 0 0 0 0 0 0 0 0 0 167 129 217

255 255 42 64 0 0 0 0 0 2 109 1 6 8 37 0 2 1 0 3 0 0 52 0 92 0 0 1 0 0 0 0 0 0 0 0 0 0 0 0 0 0 0 0 164 77 121

255 255 42 64 0 0 0 0 0 2 109 1 8 8 37 0 2 1 0 3 0 0 52 0 92 0 0 3 0 0 0 0 0 0 0 0 0 0 0 0 0 0 0 0 168 101 223

255 255 42 64 0 0 0 0 0 2 109 1 9 8 37 0 2 1 0 3 0 0 52 0 92 0 0 3 0 0 0 0 0 0 0 0 0 0 0 0 0 0 0 0 169 201 222

255 255 42 64 0 0 0 0 0 2 109 1 5 8 37 0 2 1 0 3 0 0 52 0 92 0 0 3 0 0 0 0 0 0 0 0 0 0 0 0 0 0 0 0 165 153 216


pilot
255 255 42 64 0 0 0 0 0 2 109 1 6 8 37 0 2 1 0 3 0 0 52 0 92 0 0 1 0 0 0 0 0 0 0 0 0 0 0 0 0 0 0 0 164 77 121


Message sent:  255 255 20 64 0 0 0 0 0 1 96 1 6 8 37 0 2 1 0 3 0 0 239 255 41  - CRC: EF - CRC16: FF29
Message sent:  255 255 20 64 0 0 0 0 0 1 96 1 5 8 37 0 2 1 0 3 0 0 238 240 217  - CRC: EE - CRC16: F0D9


17:53:37.238]  FF FF 08 40 00 00 00 00 00 09 51 64 80
[17:53:37.378] FF FF 08 40 00 00 00 00 00 09 51 64 80
[17:53:37.517] FF FF 14 40 00 00 00 00 00 01 60 01 06 08 25 00 02 01 00 03 00 00 EF FF 55 29
[17:53:39.749] FF FF 14 40 00 00 00 00 00 01 60 01 06 08 25 00 02 01 00 03 00 00 EF FF 55 29
[17:53:41.043] FF FF 0C 40 00 00 00 00 00 F7 00 00 00 25 68 DF 71
[17:53:41.121] FF FF 08 40 00 00 00 00 00 73 BB 87 01
[17:53:41.214] FF FF 0A 40 00 00 00 00 00 01 4D 01 99 B3 B4
[17:53:41.324] FF FF 08 40 00 00 00 00 00 FC 44 23 40
[17:53:45.860] FF FF 14 40 00 00 00 00 00 01 60 01 06 08 25 00 02 01 00 03 00 00 EF FF 55 29
[17:53:46.030] FF FF 08 40 00 00 00 00 00 73 BB 87 01
[17:53:46.109] FF FF 0A 40 00 00 00 00 00 01 4D 01 99 B3 B4
[17:53:46.592] FF FF 14 40 00 00 00 00 00 01 60 01 07 08 25 00 02 01 00 03 00 00 F0 3A 78
[17:53:47.605] FF FF 14 40 00 00 00 00 00 01 60 01 06 08 25 00 02 01 00 03 00 00 EF FF 55 29
[17:53:48.387] FF FF 14 40 00 00 00 00 00 01 60 01 07 08 25 00 02 01 00 03 00 00 F0 3A 78
[17:53:49.463] FF FF 14 40 00 00 00 00 00 01 60 01 06 08 25 00 02 01 00 03 00 00 EF FF 55 29
[17:53:50.475] FF FF 14 40 00 00 00 00 00 01 60 01 07 08 25 00 02 01 00 03 00 00 F0 3A 78
[17:53:51.038] FF FF 0C 40 00 00 00 00 00 F7 00 00 00 27 6A 1E F0
[17:53:51.115] FF FF 08 40 00 00 00 00 00 73 BB 87 01
[17:53:51.209] FF FF 0A 40 00 00 00 00 00 01 4D 01 99 B3 B4
[17:53:51.318] FF FF 08 40 00 00 00 00 00 FC 44 23 40
[17:53:51.613] FF FF 14 40 00 00 00 00 00 01 60 01 06 08 25 00 02 01 00 03 00 00 EF FF 55 29
[17:53:52.734] FF FF 14 40 00 00 00 00 00 01 60 01 07 08 25 00 02 01 00 03 00 00 F0 3A 78
[17:53:53.954] FF FF 14 40 00 00 00 00 00 01 60 01 06 08 25 00 02 01 00 03 00 00 EF FF 55 29
[17:53:54.576] FF FF 14 40 00 00 00 00 00 01 60 01 07 08 25 00 02 01 00 03 00 00 F0 3A 78
[17:53:55.652] FF FF 14 40 00 00 00 00 00 01 60 01 06 08 25 00 02 01 00 03 00 00 EF FF 55 29
[17:53:56.120] FF FF 08 40 00 00 00 00 00 73 BB 87 01
[17:53:56.199] FF FF 0A 40 00 00 00 00 00 01 4D 01 99 B3 B4
[17


[18:00:53.087] FF FF 0C 40 00 00 00 00 00 F7 00 00 00 27 6A 1E F0
[18:00:53.164] FF FF 08 40 00 00 00 00 00 73 BB 87 01
[18:00:53.258] FF FF 0A 40 00 00 00 00 00 01 4D 01 99 B3 B4
[18:00:53.365] FF FF 08 40 00 00 00 00 00 FC 44 23 40
[18:00:55.003] FF FF 14 40 00 00 00 00 00 01 60 01 0D 08 25 00 02 01 00 03 00 00 F6 1A 58
[18:00:55.579] FF FF 14 40 00 00 00 00 00 01 60 01 0C 08 25 00 02 01 00 03 00 00 F5 DF 09
[18:00:56.203] FF FF 14 40 00 00 00 00 00 01 60 01 0B 08 25 00 02 01 00 03 00 00 F4 05 B8
[18:00:56.765] FF FF 14 40 00 00 00 00 00 01 60 01 0A 08 25 00 02 01 00 03 00 00 F3 C0 E9
[18:00:58.133] FF FF 08 40 00 00 00 00 00 73 BB 87 01
[18:00:58.211] FF FF 0A 40 00 00 00 00 00 01 4D 01 99 B3 B4
[18:00:59.038] FF FF 14 40 00 00 00 00 00 01 60 01 09 08 25 00 02 01 00 03 00 00 F2 CF 19
[18:00:59.959] FF FF 14 40 00 00 00 00 00 01 60 01 08 08 25 00 02 01 00 03 00 00 F1 0A 48
[18:01:00.690] FF FF 14 40 00 00 00 00 00 01 60 01 07 08 25 00 02 01 00 03 00 00 F0 3A 78
[18:01:01.516] FF FF 14 40 00 00 00 00 00 01 60 01 06 08 25 00 02 01 00 03 00 00 EF FF 55 29
[18:01:02.186] FF FF 14 40 00 00 00 00 00 01 60 01 05 08 25 00 02 01 00 03 00 00 EE F0 D9
[18:01:02.807] FF FF 14 40 00 00 00 00 00 01 60 01 04 08 25 00 02 01 00 03 00 00 ED 35 88
[18:01:03.228] FF FF 0C 40 00 00 00 00 00 F7 00 00 00 23 66 DD F1
[18:01:03.306] FF FF 08 40 00 00 00 00 00 73 BB 87 01
[18:01:03.415] FF FF 14 40 00 00 00 00 00 01 60 01 03 08 25 00 02 01 00 03 00 00 EC EF 39
[18:01:03.571] FF FF 0A 40 00 00 00 00 00 01 4D 01 99 B3 B4
[18:01:03.743] FF FF 08 40 00 00 00 00 00 FC 44 23 40
[18:01:03.928] FF FF 14 40 00 00 00 00 00 01 60 01 02 08 25 00 02 01 00 03 00 00 EB 2A 68
[18:01:04.556] FF FF 14 40 00 00 00 00 00 01 60 01 01 08 25 00 02 01 00 03 00 00 EA 25 98
[18:01:05.180] FF FF 14 40 00 00 00 00 00 01 60 01 00 08 25 00 02 01 00 03 00 00 E9 E0 C9
[18:01:07.504] FF FF 14 40 00 00 00 00 00 01 60 01 0D 08 25 00 02 01 00 03


[18:13:04.740] FF FF 14 40 00 00 00 00 00 01 60 01 06 08 25 00 02 01 00 03 00 00 EF FF 55 29
[18:13:06.861] FF FF 0C 40 00 00 00 00 00 F7 00 00 00 22 65 1D 30
[18:13:06.923] FF FF 08 40 00 00 00 00 00 73 BB 87 01
[18:13:07.016] FF FF 0A 40 00 00 00 00 00 01 4D 01 99 B3 B4
[18:13:07.126] FF FF 08 40 00 00 00 00 00 FC 44 23 40
[18:13:09.720] FF FF 14 40 00 00 00 00 00 01 60 01 06 08 21 00 02 01 00 03 00 00 EB 0C 28
[18:13:10.844] FF FF 14 40 00 00 00 00 00 01 60 01 06 08 22 00 02 01 00 03 00 00 EC 19 68
[18:13:11.905] FF FF 14 40 00 00 00 00 00 01 60 01 06 08 23 00 02 01 00 03 00 00 ED D5 A9
[18:13:12.014] FF FF 08 40 00 00 00 00 00 73 BB 87 01
[18:13:12.138] FF FF 0A 40 00 00 00 00 00 01 4D 01 99 B3 B4
[18:13:13.059] FF FF 14 40 00 00 00 00 00 01 60 01 06 08 25 00 02 01 00 03 00 00 EF FF 55 29
[18:13:16.366] FF FF 0A 40 00 00 00 00 00 01 4D FE 96 F3 F4